-2.713792921917374201e+00 2.639799731418295181e+01 -4.782002052618139487e-01
9.728620707808262580e+01 2.639799731418295181e+01 -4.782002052618139487e-01
7.773432519446046740e+01 8.805290213552068224e+01 -6.809727316092988758e+00
7.452993969448193923e+01 6.178806655540662973e+01 -8.020272473028740023e+00
2.758730379610929262e+01 5.291848398099046946e+00 -6.987851584915233616e+00
5.000911126617572933e+01 2.771356884513158203e+00 -1.672150477914726707e+00
5.925452873343704141e+01 4.391099799005279891e+01 -1.678764090028437295e+00
2.758730379610929262e+01 1.052918483980990487e+02 -6.987851584915233616e+00
5.000911126617572933e+01 1.027713568845131533e+02 -1.672150477914726707e+00
-3.657762069437112018e+00 -1.062863841144343269e+01 4.605926523758423485e+01
-4.620512903355631806e+00 -7.551361637002088401e+00 7.776988729274916068e+01
-3.931851891908621610e+00 6.200667796269314636e+01 4.752253102487700431e+01
-2.713792921917374201e+00 2.639799731418295181e+01 9.952179979473818605e+01
-5.711272002610641607e+00 4.262656275254416371e+00 1.548976752462244644e+00
-1.064971637113738723e+01 6.390842770111213156e+00 6.043173294464015299e+01
-5.850080593132759077e+00 4.118541487524202793e+00 2.486308593790308663e+01
-2.957682353112986107e+00 6.230892587098454527e+01 8.679085929529065879e+01
-3.657762069437112018e+00 8.937136158855656731e+01 4.605926523758423485e+01
-4.620512903355631806e+00 9.244863836299791160e+01 7.776988729274916068e+01
-8.415680776930031470e+00 3.218042563027569258e+01 7.753489351675156627e+01
-5.711272002610641607e+00 1.042626562752544146e+02 1.548976752462244644e+00
-1.064971637113738723e+01 1.063908427701112203e+02 6.043173294464015299e+01
-5.850080593132759077e+00 1.041185414875241975e+02 2.486308593790308663e+01
5.234624245308628332e+01 -2.834631249354970350e+00 2.809417328220056831e+01
7.438137482783524490e+01 -4.580756764048274476e+00 3.815720405176475793e+01
2.473495960804547522e+01 -3.986024443251963589e+00 3.942657284989138589e+01
9.634223793056288798e+01 -1.062863841144343269e+01 4.605926523758423485e+01
2.424252779661273749e+01 -1.733480360972649237e+00 7.176054476839249219e+01
9.537948709664436819e+01 -7.551361637002088401e+00 7.776988729274916068e+01
7.389789831850049495e+01 -5.133381902259188223e+00 7.235536311306596247e+01
3.281054989613215866e+01 -2.587066996793993212e+00 1.781096365072237475e+01
3.155716528650760466e+01 7.749838057447578876e+01 8.128294560367693933e+00
7.580895381140739175e+01 2.415826250004180409e+01 3.681885511821790402e+01
9.606814810809137839e+01 6.200667796269314636e+01 4.752253102487700431e+01
4.014166786248248542e+01 4.317580731591392151e+01 8.494159982704620404e+01
4.831820419765349328e+01 6.357939726599722263e+01 1.241477579639607143e+00
6.518695229957350179e+00 1.123131323715948326e+01 8.308806869992262989e+01
2.464418177866348714e+01 5.091894237730166850e+01 5.694621987503781213e+01
8.142920813084222686e+01 6.261062930246018254e+01 7.002568732143137709e+01
7.613414606156824505e+01 2.731692810037163710e+01 5.906493190226944279e+01
1.301049986961497540e+00 2.937585971759859760e+01 2.132877919123371058e+01
5.451679930536457164e+00 5.003069977384975431e+01 3.095218375421639578e+01
6.097393712047356473e+01 2.344057113392568681e+01 7.108354171373095554e+00
4.512226929473857240e+01 1.382356108943089446e+01 4.282760554735990155e+01
4.858382524017754633e+01 5.676971830285607723e+01 6.878537668871528865e+01
4.364823559162386601e+01 3.965391611921317150e+01 3.504048836011961043e+01
3.870513036767803072e+01 7.979179035469756798e+01 3.298722507581292263e+01
1.224922605998284553e+01 5.641520723172003926e+01 5.773193270952361900e+00
7.052389237055120930e+01 4.876558932521592027e+01 5.376130543448726229e+01
4.200771054395496407e+01 8.436854384025311049e+01 7.790267204649812527e+01
6.543038512272160290e+01 8.579502315855670247e+00 5.379903519831393055e+01
5.234624245308628332e+01 9.716536875064502965e+01 2.809417328220056831e+01
5.296631641826770043e+00 4.107371614102668644e+01 5.109656973171030359e+01
7.438137482783524490e+01 9.541924323595172552e+01 3.815720405176475793e+01
1.554791443303205511e+00 8.154913603393445953e+01 1.003817353563154935e+00
9.728620707808262580e+01 2.639799731418295181e+01 9.952179979473818605e+01
7.707060930459086023e+01 7.608409747709977466e+01 5.086078483015791107e+01
1.163157522891069284e+01 5.304371215252948524e+00 5.464705986490874778e+01
7.773432519446046740e+01 8.805290213552068224e+01 9.319027268390701124e+01
5.272400630351071271e+01 6.587601747671223507e+01 4.809148529053686616e+01
2.473495960804547522e+01 9.601397555674803641e+01 3.942657284989138589e+01
2.893667702473732461e+01 3.899683381191690756e+01 4.378885846173149687e+00
1.579413594291249900e+01 8.165206723954923973e+01 8.388824306356109162e+01
9.428872799738935839e+01 4.262656275254416371e+00 1.548976752462244644e+00
5.381194735513375349e+01 2.738162670337811733e+01 7.673667055498856371e+01
5.627129379958750377e+01 8.723514770226837811e+01 5.606699466563392065e+01
8.935028362886261277e+01 6.390842770111213156e+00 6.043173294464015299e+01
9.414991940686724092e+01 4.118541487524202793e+00 2.486308593790308663e+01
7.452993969448193923e+01 6.178806655540662973e+01 9.197972752697125998e+01
4.351750650587205627e+01 2.169052193690712471e+01 2.165255881429598617e+01
4.750769248669742240e+01 5.740516279370606156e+00 6.729027811436441198e+01
3.162490165628096861e+01 6.538693425935431947e+01 8.646676724424501970e+01
9.704231764688701389e+01 6.230892587098454527e+01 8.679085929529065879e+01
1.228222421032546130e+01 2.665837444339534201e+01 6.614959161526373066e+01
1.486548189720641133e+01 4.566782479131164507e+01 7.985613032106574849e+01
2.758730379610929262e+01 5.291848398099046946e+00 9.301214841508476638e+01
3.152531456586885383e+01 2.260676025467618544e+01 7.617550746637765258e+01
5.912718563883971967e+01 8.347305251683117433e+01 4.866562927149866269e+00
2.546387553445010332e-01 2.069277157772240017e+01 4.250523444813487117e+01
6.268366912042667138e+01 7.511625562749337348e+01 7.664293701235264678e+01
5.000911126617572933e+01 2.771356884513158203e+00 9.832784952208527329e+01
9.634223793056288798e+01 8.937136158855656731e+01 4.605926523758423485e+01
6.990574990741893657e+01 7.510822701734088014e+01 2.851996719607088693e+01
6.749935108999592615e+01 4.486149324360867752e+01 3.150496885053336626e+01
2.424252779661273749e+01 9.826651963902735076e+01 7.176054476839249219e+01
8.253926509933133104e+01 7.076072465517769672e+01 1.045599229640079564e+01
3.707961651046483009e+00 7.543614609351413947e+01 2.719082062341728445e+01
2.263340212804336460e+01 3.572819418387056345e+01 2.828591362292831590e+01
4.851004128042684016e+01 6.051447258177900324e+01 2.716945792783442926e+01
2.542285129534372246e+01 6.034220177063551915e+01 3.228868944196597113e+01
8.154696842214860908e+01 3.901311186484539917e+01 1.145085771760765603e+01
7.101424568290968864e+01 4.381658097319365730e+00 1.208186761064964898e+01
4.325341765604438393e+01 3.163156534477606030e+01 5.666463547451507310e+01
9.537948709664436819e+01 9.244863836299791160e+01 7.776988729274916068e+01
5.422617673638762126e-01 7.408023459576406822e+01 6.675798056246787837e+01
8.470228673426939281e+01 5.828191846551332844e+01 2.848204704941200660e+01
7.045663357681129924e+01 4.280780531598924910e+01 7.731153923399585892e+01
7.389789831850049495e+01 9.486661809774081178e+01 7.235536311306596247e+01
3.281054989613215866e+01 9.741293300320600679e+01 1.781096365072237475e+01
6.912525063014069815e+01 1.402530733965540577e+01 8.614867570886519843e+01
5.925452873343704141e+01 4.391099799005279891e+01 9.832123590997156271e+01
1.999048666269390750e+01 1.814273323465523191e+01 1.035153373724651438e+01
9.158431922306996853e+01 3.218042563027569258e+01 7.753489351675156627e+01
6.543038512272160290e+01 1.085795023158556774e+02 5.379903519831393055e+01
1.163157522891069284e+01 1.053043712152529423e+02 5.464705986490874778e+01
9.428872799738935839e+01 1.042626562752544146e+02 1.548976752462244644e+00
8.935028362886261277e+01 1.063908427701112203e+02 6.043173294464015299e+01
9.414991940686724092e+01 1.041185414875241975e+02 2.486308593790308663e+01
4.750769248669742240e+01 1.057405162793706097e+02 6.729027811436441198e+01
2.758730379610929262e+01 1.052918483980990487e+02 9.301214841508476638e+01
5.000911126617572933e+01 1.027713568845131533e+02 9.832784952208527329e+01
7.101424568290968864e+01 1.043816580973193595e+02 1.208186761064964898e+01
1.065186952299573448e+02 1.123131323715948326e+01 8.308806869992262989e+01
1.013010499869615018e+02 2.937585971759859760e+01 2.132877919123371058e+01
1.054516799305364572e+02 5.003069977384975431e+01 3.095218375421639578e+01
1.052966316418267638e+02 4.107371614102668644e+01 5.109656973171030359e+01
1.015547914433032020e+02 8.154913603393445953e+01 1.003817353563154935e+00
1.002546387553445015e+02 2.069277157772240017e+01 4.250523444813487117e+01
1.037079616510464888e+02 7.543614609351413947e+01 2.719082062341728445e+01
1.005422617673638825e+02 7.408023459576406822e+01 6.675798056246787837e+01
-5.711272002610641607e+00 4.262656275254416371e+00 1.015489767524622380e+02
-5.711272002610641607e+00 1.042626562752544146e+02 1.015489767524622380e+02
3.155716528650760466e+01 7.749838057447578876e+01 1.081282945603676922e+02
4.831820419765349328e+01 6.357939726599722263e+01 1.012414775796396071e+02
6.097393712047356473e+01 2.344057113392568681e+01 1.071083541713730938e+02
1.224922605998284553e+01 5.641520723172003926e+01 1.057731932709523619e+02
1.554791443303205511e+00 8.154913603393445953e+01 1.010038173535631500e+02
2.893667702473732461e+01 3.899683381191690756e+01 1.043788858461731479e+02
9.428872799738935839e+01 4.262656275254416371e+00 1.015489767524622380e+02
5.912718563883971967e+01 8.347305251683117433e+01 1.048665629271498716e+02
8.253926509933133104e+01 7.076072465517769672e+01 1.104559922964007939e+02
1.999048666269390750e+01 1.814273323465523191e+01 1.103515337372465126e+02
9.428872799738935839e+01 1.042626562752544146e+02 1.015489767524622380e+02
1.015547914433032020e+02 8.154913603393445953e+01 1.010038173535631500e+02
